          0: 1948922142 2635855070 1313645394 2769812499
          1: 1535255015   23471470  403947506  996288907
          2: 2564951999 4009219356 1687520748 1293879465
          3: 2716775171 2619437597  654629217 2996433384
          4: 1848734702 2871763978  852622754 1810920562
          5: 3368925019 1115351550 4015844454 3065984461
          6: 3485653148 1133843444  844450753 3092718110
          7: 2919332827 3628220353 3969367505  620018376
          8:  196593117 1624563909 4093186146 1952744338
          9: 3650575854  740768285 2756236106 1941362642
         10: 4120780468 3431500217 2847127203 1902510128
         11:  730873710 3375940816 3662203086 1688586181
         12: 1664516002 1443791431 2839163978 1449853100
         13: 2774166359 1449520899 1330498390  155314383
         14:  109576343 3897489810 2719120907 1686840803
         15:  789796723  100391555  160387087  178712088
         16: 2384787702  617701577 1829683731 2885469431
         17: 3619469469 4034256552 3543619556 1168263151
         18: 3732992423 1859081585 3226494986 3467410676
         19: 1848277874 3679289827 4079607148  786981389
         20: 2767882640 1645564802 1441469045  185706155
         21: 2051994771 4222991870 3360740129 4029912768
         22: 3990643994 4019024355 3465805885 1301028171
         23: 4073341833 2433724858 4130425539 1649186888
         24: 3190917416 2849125035 2068544551  211910401
         25:  524394887  225347779 4192954799 1027529522
         26: 1276425639   92284705 3864370781 2065883423
         27:  126291053  121401395  115146978  147628825
         28: 4064235895 2415908475 4137965537 1218651952
         29: 3758822706 3231193135 2155966533 3317559165
         30:  139845249  158662482  129868382  176012700
         31:  623489616 1041688005  283683155 1939865059
         32: 3877877237  523378766 1576250724 1831749824
         33: 3559237964 2854962554 1955086748  531016154
         34: 4131221142  274153693 2387248719  285801334
         35: 1475823857 1323678688 2436057921 1112813855
         36:  261260026 3009671846 2698068312 3927478972
         37:  319272331 1696524253 4000920683 3824411520
         38: 1586760990 1068874602 1569812832  638559022
         39:  865221405 2974174160 1430129526  182480572
         40:  465673821  812421838 4287745789 3923555256
         41: 3039400106 2305545616   80519275 2845471656
         42: 1990780833 1646735265 2520236606 1219350084
         43: 3203033668  146658156 2175283063 3775016118
         44:  556294871  742905340 2494278922   57902062
         45: 3540226910 2886330570 3506036307  160706953
         46: 1424971479  296187068 1353896351  299586544
         47: 3206802874  625795826 2695059569  273683720
         48:  620201702 2913973355 2095082280  127663534
         49:  993994271 1105892971 1989621303 3470186902
         50:  316911734 3828048371 2742875454  412028008
         51: 3793323660 3599668577 3481526204  389186863
         52: 4126297361 1024440044 3478266122 1765547547
         53: 2155758061   89107281 3184377917 3841691367
         54: 3355069753 1940770685 2802550480 4139962086
         55:  602722218  822866055 3746471210 1105376457
         56:  160285818  371844126 2693083516 2912515434
         57:  140315898  309128678 2177148116 3705371161
         58: 2343405525 1461950098 1960369679 1097626786
         59: 1935390115 3783107128 3109495110 3624453537
         60: 3948142590 4282004578 3673569970 1315861605
         61: 2017412057 3505591862   99873591 1806228689
         62: 2004202501  646352235  593253299 2475021523
         63: 3940453934 2094892717 1930937029 1990038254
